Silinder;5.0;4.0;282.7433388230814;125.66370614359172;314.1592653589793
Silinder;5.0;4.0;282.7433388230814;125.66370614359172;314.1592653589793
Kera;3.0;113.09733552923255;18.84955592153876;113.09733552923254
Kera;3.0;113.09733552923255;18.84955592153876;113.09733552923254
Kera;3.0;113.09733552923255;18.84955592153876;113.09733552923254
Kera;4.0;201.06192982974676;25.132741228718345;268.082573106329
Kera;4.0;201.06192982974676;25.132741228718345;268.082573106329
Silinder;5.0;4.0;282.7433388230814;125.66370614359172;314.1592653589793
Kera;4.0;201.06192982974676;25.132741228718345;268.082573106329
Kera;5.0;314.1592653589793;31.41592653589793;523.5987755982989
Kera;5.0;314.1592653589793;31.41592653589793;523.5987755982989
Kera;5.0;314.1592653589793;31.41592653589793;523.5987755982989
Kera;5.0;314.1592653589793;31.41592653589793;523.5987755982989
Silinder;555.0;5.0;1952813.9934714152;17435.839227423352;4838445.38560998
Silinder;55.0;5.0;20734.511513692636;1727.8759594743863;47516.58888554563
Silinder;43.0;3.0;12428.14053760122;810.5309046261666;17426.41444946258
Kera;5.0;314.1592653589793;31.41592653589793;523.5987755982989
Silinder;3.0;6.0;169.64600329384882;113.09733552923255;169.64600329384882
Silinder;12.0;12.0;1809.5573684677208;904.7786842338604;5428.672105403162
Kera;123.0;190116.62102463993;772.8317927830891;7794781.462010236
Kera;123.0;190116.62102463993;772.8317927830891;7794781.462010236
Silinder;12.0;12.0;1809.5573684677208;904.7786842338604;5428.672105403162
Kera;123.0;190116.62102463993;772.8317927830891;7794781.462010236
Kera;123.0;190116.62102463993;772.8317927830891;7794781.462010236
Silinder;888.0;88.0;5445561.307508861;490993.2326442416;2.1800099529404324E8
Kera;88.0;97313.97403759744;552.9203070318035;2854543.2384361913
Kera;88.0;97313.97403759744;552.9203070318035;2854543.2384361913
